0 0.0 0.0 0.0 0.0 0.0 0.0
10 0.44257755120220993 0.015156817346433602 0.011071899139566223 -0.43755767514872723 -0.023622870638416685 0.06490335732468808
20 -0.24248017565671082 0.01613841183620721 0.09243055136777317 -1.107417941684937 -0.08004212118348042 0.2199142422109304
30 0.199263709828984 0.04481819051988643 0.10877232674251419 -1.544975680245223 -0.103664877700766 0.28481751248505016
40 -0.3665877673575021 0.03543631695334742 0.10560611534715322 -2.09868474261761 -0.14368577052345805 0.3947745089187183
50 0.4445691273243708 0.0679737511201988 0.04150957876760798 -2.8846964732801554 -0.2165029190140729 0.5948389499375076
60 -0.11956500866238495 0.051111176828468496 0.08339441853353319 -3.4384056374183514 -0.25652363703778636 0.7047958200172427
70 0.445236149072775 0.08631601628222513 0.07658943813823843 -3.9921148417084447 -0.29654428169029046 0.8147526358321427
80 -0.47771260578340713 0.033182299569035074 0.37915980627868306 -4.938830073827069 -0.37297321724192295 1.0247414705448552
90 -1.1328999957542747 0.021222320077080355 0.42955542585991 -5.564138798889742 -0.44217772160714586 1.2148809206737547
100 -0.4460382170825603 0.04341982423967762 0.3691169782985027 -6.233999533835516 -0.49859615515682404 1.369891224423087
110 -1.4080872550184433 0.008439375271781561 0.5085614667056799 -7.180715057338554 -0.5750245852142548 1.5798797031256546
120 -0.603894532391357 0.0669967021346482 0.39459600186973076 -7.966727340086901 -0.6478407824610712 1.7799434820018125
130 0.17144129168085254 0.11595893177310555 0.300447424696178 -8.708187745343585 -0.7334428350504479 2.0151362766061243
140 -0.9962917972431258 0.04868158362406799 0.5152725164813557 -9.842654485566932 -0.8554526592724501 2.350360748747913
150 -0.13123515590279544 0.11196777869116514 0.36906747559336917 -10.655714564056655 -0.9702383451749936 2.665736087467206
160 0.6723543856529867 0.19267638770264028 0.26479219491590794 -11.441727234410072 -1.043053888449011 2.865799436755282
170 -0.5948030303766855 0.08280892034160467 0.4444033017082237 -12.647793915136909 -1.194246898908672 3.2812061799542573
180 -1.57684157800964 -0.01741089894825934 0.6344264257666983 -13.577005820351635 -1.325429896230966 3.6416347655481784
190 -2.53050634984099 -0.06948051065640432 0.948058162850199 -14.506217852824847 -1.4566126825830832 4.002063237333483
200 -3.8050565574537174 -0.19980794145682967 1.466818964957557 -15.783884603583179 -1.6369886707471963 4.497652197711155
210 -4.762232347643507 -0.30410375563082637 1.7557648511803372 -16.71309693503274 -1.7681709570559139 4.85808039608861
220 -5.936183448060671 -0.4202220012729028 2.011844807508965 -17.78550849531444 -1.9577206996662515 5.378873942156018
230 -7.26651986972808 -0.6105335105932129 2.5262744498847374 -19.04567107261846 -2.0988823761833553 6.059105507282809
240 -8.291447150218408 -0.7416369142606178 2.9184682657160135 -20.04648340723213 -2.2592477027301197 6.499716055101921
250 -9.48647157704496 -0.8911558348043336 3.394496432969721 -21.145943336810923 -2.584735730268843 7.101619296089335
260 -10.834419633846705 -1.0938234035038736 3.8446227682733145 -22.406106820204275 -2.819865631641058 7.747648513365652
270 -12.05572452188217 -1.2442910544924168 4.295791011666431 -23.55011886426201 -3.0385975578240725 8.348624149226929
280 -13.289938645356994 -1.4150038487444214 4.702425613138301 -24.694131095659074 -3.25732915061909 8.949599659998796
290 -14.855456382315557 -1.6699947573082312 5.404058767616127 -26.124542002409353 -3.5927950726857163 9.871305949782258
300 -16.05956238733897 -1.8554300200391536 6.0882786159539615 -27.295602179937834 -3.85349571742804 10.587593282697531
310 -17.207914258640937 -2.076086441879083 6.593916525497847 -28.350510791742334 -4.097798564095892 11.258827155681102
320 -18.845921135050503 -2.3823474834706015 7.315869456339544 -29.76341778208674 -4.48801905569061 12.330974623004575
330 -20.150516729886835 -2.636824256260253 7.959837026445262 -30.91697389039005 -4.803474516320454 13.19770323258118
340 -21.27987841644421 -2.872802861829853 8.67373479806437 -31.954378337849324 -5.102532271006263 14.019378485602115
350 -22.841933992480502 -3.2230293060855484 9.726180349831651 -33.39433338045452 -5.534721034439423 15.20683803116768
360 -24.174668454306815 -3.550458215871777 10.48704417006315 -34.53038523538531 -5.904931217725779 16.224008219847985
370 -25.410577325371765 -3.865019441852986 11.39201532451072 -35.62188498589684 -6.2879272326015005 17.276307911035143
380 -27.07757828208677 -4.308702186470162 12.630477750767602 -37.115935390339416 -6.804053716692429 18.69439203767036
390 -28.361058186611004 -4.670671467467558 13.440972944086125 -38.16288305696971 -7.199835069565092 19.78182138624957
400 -29.650612372092894 -5.040893337447911 14.443493272049867 -39.28142981796358 -7.530830034072906 20.983635313289337
410 -31.323532310913723 -5.560976636441046 15.823289132911166 -40.7134239366065 -8.208466220330594 22.553089492452287
420 -32.58169045368923 -5.982954785913456 16.840163645771284 -41.742866752774525 -8.659002104327975 23.790961113921867
430 -33.77769779694214 -6.399122730813931 17.93169097861596 -42.77230952881088 -9.109537588741265 25.028832912605253
440 -35.31245775224269 -6.9713523552093095 19.459489841391516 -44.02609355010964 -9.744347661287467 26.773007797259282
450 -36.66969057175786 -7.501021963699982 20.69125494588685 -45.06507837089272 -10.291607448378368 28.276634533120188
460 -37.73435938386051 -7.956200541248311 21.930421539691743 -45.916311291473995 -10.793286669636684 29.655025456625317
470 -39.19509798819415 -8.655074417721185 23.681417863623743 -47.06348460098501 -11.508423222695855 31.619902857445627
480 -40.267381217812854 -9.166837606765757 25.070791692811305 -47.89721172937023 -12.064857215561037 33.14873666476169
490 -41.378804903273725 -9.73647955407143 26.568283551999297 -48.75798568561083 -12.663260150222575 34.79288341889111
500 -42.69416161902259 -10.456243315664244 28.47426110836636 -49.77150017249933 -13.416753663159355 36.86315140115141
510 -43.67725919146976 -11.0106056374449 29.971178816344526 -50.47156855691944 -14.011545061386865 38.497375527441974
520 -44.61861733903134 -11.599051031623253 31.505183702087137 -51.12708390797393 -14.619122309403647 40.16672978751284
530 -45.871827814423014 -12.430185898704824 33.77854015487321 -52.06103270501224 -15.494911279171557 42.57301417413006
540 -46.72728277171847 -13.042336018633051 35.403786317057616 -52.62744152226367 -16.128060017886035 44.31262900718614
550 -47.534449587524975 -13.686929525987141 37.21756829466982 -53.17634308467198 -16.72199423503742 46.23688817399699
560 -48.501436568004166 -14.561576707234126 39.686271731813804 -53.72682061484315 -17.65810193098647 48.80890004080626
570 -49.15933653824199 -15.226972771800007 41.49687307371403 -54.11501616752792 -18.342394121469116 50.68903565394426
580 -49.7665507514873 -15.924174415964288 43.41377801480949 -54.3695525714858 -19.06504455037538 52.67456111669977
590 -50.50286834653775 -16.928606687572845 46.07949990211607 -54.69726202625929 -20.065081146395098 55.422224540295964
600 -50.96474088744949 -17.678674553541697 48.08886104349331 -54.862690265026 -20.813302756665504 57.47801104765199
610 -51.26207850389958 -18.331781727990602 49.97408129706702 -54.884918622462536 -21.503158273311325 59.37343166330341
620 -51.80501570687968 -19.427327415282985 52.78244645037707 -54.873706262620004 -22.550726823866334 62.25169336240685
630 -51.996885338580476 -20.173044004787805 54.90031719246791 -54.78931944068424 -23.32090854466544 64.36781780318688
640 -52.0849315532396 -20.912447061469532 56.98436988136675 -54.58877901760069 -24.074693104021332 66.43888926574888
650 -52.20476826541104 -21.97767730783512 59.97749175237985 -54.283196167913864 -25.15700690149667 69.4126193839447
660 -52.15613071935976 -22.757700140348007 62.22953580261192 -53.90444014680339 -25.9619344631612 71.62421137417671
670 -52.04080208544538 -23.534871729084877 64.4338210481498 -53.57023558703239 -26.754075181753244 73.80067414895902
680 -51.760975679086634 -24.619362052404284 67.41375119740093 -52.82708270232535 -27.812768305790705 76.7095052599987
690 -51.40169509282384 -25.3962660904005 69.5903610363306 -52.21601681616932 -28.584900265233188 78.83099142182714
700 -50.90683533197013 -26.112522982968738 71.6967830217869 -51.533351145508774 -29.421818558190058 80.83809357490583
710 -50.30048065285177 -27.23736053506845 74.63461565231881 -50.51333331351819 -30.460501089252876 83.69194856467084
720 -49.68302768394168 -27.996085607601874 76.62417626124909 -49.64291209820342 -31.15786864669406 85.60801451313718
730 -49.20324744653718 -28.695260055717032 78.45794069252106 -48.718397662691025 -31.6773285305429 87.32765414460077
740 -48.311962373825175 -29.499123991829475 80.91854027075964 -47.51859241542529 -32.518950719575166 89.64007193829885
750 -47.64138732411452 -30.142627902701157 82.70961845265275 -46.59407606218366 -33.13237878575621 91.32551097738194
760 -46.83109100882638 -30.720059588143236 84.41854386606671 -45.59795986956268 -33.71662358017005 92.93076612518017
770 -45.525303123404704 -31.55702437704899 86.88259362515441 -44.14833703782733 -34.58020364933381 95.30351903787398
780 -44.48965011004424 -32.16351363615189 88.55293769531887 -42.9915133696304 -35.25480569635683 96.864649005902
790 -43.52482007416836 -32.747501219548646 90.16855455653344 -41.80764287073286 -35.79346874245582 98.34466559450433
800 -42.035185137987845 -33.3524740675752 92.21115200644192 -40.1336821129242 -36.37880502118767 100.2453090525018
810 -41.037008847210146 -34.04171528811888 93.90548978983534 -38.860702404194576 -36.94303791160123 101.79558444685598
820 -39.8068373841889 -34.6131807288646 95.51594633558828 -37.3999712735413 -37.46169046257136 103.22062092339601
830 -38.048482933136754 -35.34121138921584 97.49330070446297 -35.449150281130535 -38.2149548549528 104.99788272988202
840 -36.51320838949342 -36.017205126196004 99.27522658872596 -33.64949652675574 -38.68716692486541 106.5877121041218
850 -34.907424127060914 -36.6204879169588 100.93837042783308 -31.894396384954494 -39.33453182934211 108.07401046763015
860 -32.99432760687724 -37.41051047894484 102.98405069361023 -29.595115273845398 -39.94463086516743 109.75030615525746
870 -31.199201421673056 -37.950891355678 104.55402070018432 -27.652262462608412 -40.45244339349535 111.14556409708352
880 -29.318646199281353 -38.42912489992505 105.9577895590013 -25.68236441823215 -40.91828632289032 112.425507195892
890 -26.9921486682854 -39.03000217636846 107.72870347511454 -23.195330270000454 -41.4828004204708 113.97656017387897
900 -25.041712322255076 -39.49827138682019 109.0929511808341 -21.082234705930798 -41.890274901377786 115.0961321815913
910 -23.063723051635883 -39.91705159677738 110.32698542287751 -19.01369239657775 -42.284962561265374 116.18057364843999
920 -20.399643242947775 -40.385555564352494 111.7724109320874 -16.240264350685976 -42.73274005556578 117.41088429507643
930 -18.36971167584444 -40.76491994225415 112.88050769095382 -14.046035275442778 -43.01430535950437 118.18451060688916
940 -16.375035241418622 -41.04114074856532 113.76111247388424 -12.012511451961782 -43.299481506618804 118.9680616390913
950 -13.581619314619982 -41.44484526499396 114.94271112112177 -9.113396880992127 -43.634134044407716 119.88755477292848
960 -11.661469095379031 -41.880272361525705 115.97283953315862 -6.981231295682282 -43.84815622197524 120.47560459263792
970 -8.788166646801088 -42.04704021619837 116.78557029488806 -4.072583019658491 -44.086083094205904 121.12933678495513
980 -6.574965116961991 -42.27990394413756 117.44277282826268 -1.7972224930699232 -44.24173640113105 121.55701449004596
990 -4.423853631503084 -42.55395523638951 118.11256159112084 0.4335839647184409 -44.38460318780648 121.94956174791953
1000 -1.5138232228801636 -42.899837963922764 118.97998620593074 3.467916133399885 -44.50940490071941 122.29247591393353
1010 0.7169175330279662 -43.0402630040105 119.41472406701823 5.725765519055257 -44.61030046096136 122.56970642710857
1020 2.972201175285717 -43.22827050412082 119.7735717631287 8.010658068148603 -44.669226485493766 122.73162171010397
1030 5.984232841802671 -43.341674935238245 120.05588634901423 11.037011227335382 -44.64254753474522 122.65833023741513
1040 8.243688965896169 -43.40292284218702 120.23553149760018 13.3043922553644 -44.646717274390504 122.66979972847118
1050 10.657223467178927 -43.442357297298464 120.33184913475816 15.71496725916617 -44.5925192143209 122.52089817142537
1060 13.633651955320314 -43.48918048035577 120.3714138206869 18.679253602928217 -44.49829637905981 122.2620297697902
1070 15.875955160614314 -43.65312425045546 120.5246528904624 20.9116116944689 -44.392955397967725 121.97260954664166
1080 18.17464345207124 -43.673586914280044 120.44708942483702 23.171012434728105 -44.24564489632095 121.56787434417893
1090 21.102675420454446 -43.51603520440909 120.09477998059974 26.055721043272015 -44.02912538758171 120.97298675834098
1100 23.19626721163369 -43.48547868453212 119.88319459833303 28.10986167597554 -43.87264097248612 120.54304774883192
1110 25.54443492686817 -43.28209825306842 119.37908682163072 30.42334665204819 -43.641389837518595 119.90768167532308
1120 28.405982762496183 -42.97704413765981 118.62501412529258 33.22847730746263 -43.30257404686205 118.97677591944134
1130 30.62200600764231 -42.78277790169563 118.08407773091595 35.363745374721454 -43.02018084135615 118.20089259402845
1140 32.852263172256876 -42.51503100054521 117.35655013278055 37.526055931134245 -42.69581808190928 117.30969469942323
1150 35.81367583825786 -42.089172787288135 116.2495373327307 40.41231311351722 -42.231092045473716 116.03284438563331
1160 38.006663117975336 -41.78337655844488 115.34325584079835 42.512557701409015 -41.83918860924352 114.95607372625464
1170 40.20564923051818 -41.38537789161913 114.31885746064046 44.59529106651192 -41.392530800317594 113.72886003873558
1180 43.04891574963509 -40.96319893832282 112.99213807111754 47.28581986390028 -40.82190758898946 112.16105015007201
1190 45.0364970805383 -40.43710080117567 111.70616980586782 49.27944448337684 -40.349677813917815 110.8635783421907
1200 47.09688856514135 -40.020160049309546 110.55437988267782 51.183961252310425 -39.85187762106248 109.49584900771056
1210 49.68800756997194 -39.38533823455093 108.85598801178055 53.58965536259516 -39.14978849017326 107.5668238443583
1220 51.480810850057026 -38.827323982337255 107.4179558817508 55.36051035111917 -38.61363205379572 106.0937085063396
1230 53.24860249116191 -38.27595473257173 105.95947821561877 57.0868114532333 -38.06469005601333 104.58546461808297
1240 55.8553989151542 -37.61464106212118 103.96838958746918 59.36837644561979 -37.22752077161634 102.2852980878532
1250 57.62271271700965 -37.06878634336704 102.35674891344246 61.03261326576395 -36.611038612097275 100.59148385250641
1260 59.2272263685253 -36.51770782931636 100.7452523016359 62.49159268038862 -35.98538592779955 98.87246939568968
1270 61.26699766385316 -35.73202161893915 98.50837959224019 64.31808942514633 -35.11708884866629 96.48677471693928
1280 62.73838708687083 -35.03748241203802 96.65300861482058 65.67045213634773 -34.41111165234893 94.54706228887835
1290 64.25796336497724 -34.52881743618216 95.07830418114628 66.87962149657977 -33.76350230732979 92.76772034012325
1300 65.93668282935796 -33.59475967607582 92.55340167171566 68.43879897334011 -32.81849432030252 90.1712571453422
1310 67.19633774411088 -32.89362210633802 90.63837038176267 69.54135259620472 -32.09056059292231 88.17121783705134
1320 68.33806801755304 -32.14007742220769 88.63597451181973 70.55480015520027 -31.33705696189376 86.10092241092667
1330 69.89058774788222 -31.266964822202844 86.04015055688748 71.77506337249194 -30.344522701310588 83.37387665545386
1340 70.73931256719311 -30.50233728395873 83.96146019795535 72.58325593878368 -29.581848163196746 81.27838267450888
1350 71.5730463298908 -29.719007780625038 81.8353908392268 73.30234295817468 -28.79360376191982 79.1126327724245
1360 72.4088277694519 -28.702210300247994 79.09424003650642 74.15664994025126 -27.795512692453155 76.37031819318734
1370 73.00768313521998 -27.851374957198637 76.8065760382822 74.69752672793537 -26.95612830874329 74.06405687759647
1380 73.67716806278546 -27.05493257122599 74.59564607134341 75.1222546879775 -26.133143231897886 71.80285286548978
1390 74.40097468731064 -26.063448420675574 71.6828510894266 75.5485448584518 -25.06195701121808 68.85970009535335
1400 74.81198626538794 -25.2074640449596 69.33216517494003 75.83961680845115 -24.20061643209969 66.49311319349728
1410 75.1553029647296 -24.441602801822636 67.13452668544376 75.9874960390931 -23.397644581625375 64.28689637033773
1420 75.4614217900343 -23.4067048160866 64.17639371239785 76.04783322681422 -22.32090161203079 61.328474956219296
1430 75.58774254255994 -22.554799091200465 61.83206869724087 76.01750421290022 -21.466789513664963 58.98174686211819
1440 75.46189322665477 -21.6487087338288 59.64130650650052 75.7994295830445 -20.658261572815604 56.76026024566235
1450 75.35593112314353 -20.5252941696248 56.669047976493104 75.4938149353852 -19.575961650304553 53.78656967929254
1460 75.14543354343729 -19.665263274091096 54.375972354328084 75.18663850072886 -18.74186259172379 51.494828075234885
1470 74.69990291399048 -18.808004880832634 52.09959466066268 74.71876101318425 -17.91137810783708 49.213014963370284
1480 73.6154955055773 -17.61823245968484 49.32785285576434 74.09174819788218 -16.836305565148027 46.25918280294383
1490 72.86297438073845 -16.689058130003097 47.08045944414877 73.41861947307152 -15.996649700668062 43.952170476596066
1500 72.4210049225121 -15.951924723342223 44.80199752622991 72.71844776019852 -15.19896264356046 41.760471066539466
1510 71.5360303957063 -14.92844445672873 41.904727966566725 71.5822896906104 -14.176701920631231 38.951736382405095
1520 70.61036735006799 -14.071972244106837 39.77367679519279 70.72141939091951 -13.382628044093918 36.76996535276444
1530 69.53783355280946 -13.28024823817878 37.68855361053554 69.74440075778963 -12.604953262482171 34.63325038169741
1540 68.28527004000658 -12.33578762561948 34.827379808516156 68.21524741304232 -11.6191036313628 31.92455562578394
1550 67.16219876659346 -11.655329816308885 32.82033252163736 66.97888713953311 -10.91619638936762 29.993264500545667
1560 65.98321062815029 -10.943093039853629 30.789947939742063 65.69797603142244 -10.200503170941122 28.026844973349007
1570 64.3133323268094 -10.040016870842962 28.20323043631959 63.90948397717284 -9.289418802076415 25.52357331499211
1580 63.06284741321601 -9.404719047596009 26.16237030213769 62.51242629005005 -8.590123008408233 23.602208918931545
1590 61.59869530693325 -8.727014813404308 24.350948049121385 60.97217418342437 -7.949195897762525 21.841211790889915
1600 59.48642282074691 -7.881440730652514 22.0346692404472 58.87979004623257 -7.100091253108251 19.50823343057679
1610 57.8412072483818 -7.276575316077011 20.2371644680981 57.107240434689714 -6.491960957771135 17.83734585972332
1620 56.11614666128884 -6.625787080232499 18.532975574535346 55.33469207222763 -5.883829378207601 16.16645764483029
1630 53.69060930798011 -5.828053721477584 16.508157783409402 52.91136866601551 -5.13867362899106 14.11908283069864
1640 51.73359726928312 -5.2252739916162545 15.07262686768871 50.99562649906596 -4.588908723756626 12.608560063220226
1650 49.79447585040554 -4.676836071130885 13.575081319470996 48.936688662484805 -4.0975120896807065 11.25840339383839
1660 47.15523132600289 -4.013784373059334 11.771897564188993 46.29857453144946 -3.4399049604453897 9.451575354309309
1670 45.039849949674036 -3.491362166632907 10.499932835040983 44.168040119040576 -2.9776898532178895 8.181599798058215
1680 42.93204419721039 -3.021691665121389 9.274545290749936 42.0104599205304 -2.5574434155227412 7.026935031810465
1690 40.055995409254706 -2.461338424499062 7.901486380738941 39.103460229801506 -2.0713246343080507 5.691276211605821
1700 37.87972574685821 -2.042810422465819 6.860030951465552 36.91883455576552 -1.6930450236207621 4.651920669167402
1710 35.715150415156174 -1.6505239910654548 5.992866162702159 34.751714577743286 -1.3695196303981305 3.763004417464226
1720 32.79002916169664 -1.215011443988497 4.8560799621932205 31.763576111483665 -1.0093051200880336 2.7732759674379013
1730 30.48462225827103 -0.9099523927515022 4.127587209614293 29.453258982711155 -0.7441457630056915 2.0447233025493663
1740 28.313598146233982 -0.6224448542154776 3.334782592091587 27.232045814389288 -0.5045561385707443 1.386426778129445
1750 25.472826042642733 -0.35511498094623684 2.631553446010811 24.368021461486542 -0.2794183198923995 0.7678315096680832
1760 23.368243350672856 -0.16507405276629358 2.159294554011188 22.253416988901098 -0.12015280309226514 0.3302303870970093
1770 21.366083940110105 -0.02851348982516183 2.0114647374192285 20.272468161223713 0.0007568320113133999 -0.001985430696430764
1780 18.846822144960004 0.11738684924764378 1.6761156456938309 17.73781143072844 0.08164396402270753 -0.2242430406799631
1790 17.220635614220228 0.224350777870652 1.382166919284008 16.095772732629 0.15502587017276948 -0.4258708620182329
1800 15.438918686398438 0.2712836003106309 1.271344942894629 14.310535661918916 0.17003969334176086 -0.4671334072150668
1810 13.355617075116498 0.34359644099361286 1.2486552255151653 12.230939552102134 0.21979880466279778 -0.6038580379435592
1820 11.865363884886541 0.35787478038694803 1.178029064042509 10.740060655042837 0.2000696637923931 -0.5496605107438796
1830 10.608460792866966 0.3724538713164177 1.1041489026552227 9.481483746200107 0.21313804910111112 -0.5855714102123207
1840 8.872642634665588 0.4197683406404334 0.9827907899792407 7.740797530871633 0.21536891603664732 -0.5917075213181542
1850 7.702844237221515 0.41173885001074395 0.9601797588217954 6.571324122512149 0.20286653738554541 -0.557361345684858
1860 6.620854920127748 0.4059359455882623 1.054284484632817 5.490954421246749 0.16479278091464328 -0.4527575547369993
1870 5.256450916295135 0.3918853478722875 1.1496890140380434 4.133730266512552 0.1067084535656962 -0.29317518126121583
1880 6.1019863602495 0.3991617326032034 1.082805096839524 3.2856626815272216 0.10143197964778856 -0.2786796213262739
1890 5.458549616079704 0.388169833264628 1.1121512092050414 2.642850102481958 0.08698221652164399 -0.23898009391539698
1900 6.183395712463069 0.4060489175072278 1.0815154731018366 1.9284381750089725 0.04334836693790228 -0.11909782468017757
